1.653100000000000000e+04
1.654000000000000000e+04
1.654900000000000000e+04
1.655400000000000000e+04
1.735000000000000000e+04
1.735300000000000000e+04
1.739200000000000000e+04
1.740700000000000000e+04
1.973300000000000000e+04
1.973800000000000000e+04
1.974700000000000000e+04
1.975600000000000000e+04
2.003200000000000000e+04
2.004700000000000000e+04
2.008600000000000000e+04
2.008900000000000000e+04
2.906200000000000000e+04
2.906500000000000000e+04
2.910400000000000000e+04
2.911900000000000000e+04
2.939500000000000000e+04
2.940400000000000000e+04
2.941300000000000000e+04
2.941800000000000000e+04
3.174400000000000000e+04
3.175900000000000000e+04
3.179800000000000000e+04
3.180100000000000000e+04
3.259700000000000000e+04
3.260200000000000000e+04
3.261100000000000000e+04
3.262000000000000000e+04
3.381100000000000000e+04
3.382000000000000000e+04
3.382900000000000000e+04
3.383400000000000000e+04
3.463000000000000000e+04
3.463300000000000000e+04
3.467200000000000000e+04
3.468700000000000000e+04
3.522100000000000000e+04
3.522600000000000000e+04
3.523500000000000000e+04
3.524400000000000000e+04
3.552000000000000000e+04
3.553500000000000000e+04
3.557400000000000000e+04
3.557700000000000000e+04
4.634200000000000000e+04
4.634500000000000000e+04
4.638400000000000000e+04
4.639900000000000000e+04
4.667500000000000000e+04
4.668400000000000000e+04
4.669300000000000000e+04
4.669800000000000000e+04
4.723200000000000000e+04
4.724700000000000000e+04
4.728600000000000000e+04
4.728900000000000000e+04
4.808500000000000000e+04
4.809000000000000000e+04
4.809900000000000000e+04
4.810800000000000000e+04
6.696500000000000000e+04
6.697000000000000000e+04
6.697900000000000000e+04
6.698800000000000000e+04
6.726400000000000000e+04
6.727900000000000000e+04
6.731800000000000000e+04
6.732100000000000000e+04
6.760300000000000000e+04
6.761200000000000000e+04
6.762100000000000000e+04
6.762600000000000000e+04
6.842200000000000000e+04
6.842500000000000000e+04
6.846400000000000000e+04
6.847900000000000000e+04
7.897600000000000000e+04
7.899100000000000000e+04
7.903000000000000000e+04
7.903300000000000000e+04
7.982900000000000000e+04
7.983400000000000000e+04
7.984300000000000000e+04
7.985200000000000000e+04
8.013400000000000000e+04
8.013700000000000000e+04
8.017600000000000000e+04
8.019100000000000000e+04
8.046700000000000000e+04
8.047600000000000000e+04
8.048500000000000000e+04
8.049000000000000000e+04
1.149650000000000000e+05
1.149700000000000000e+05
1.149790000000000000e+05
1.149880000000000000e+05
1.152640000000000000e+05
1.152790000000000000e+05
1.153180000000000000e+05
1.153210000000000000e+05
1.179070000000000000e+05
1.179160000000000000e+05
1.179250000000000000e+05
1.179300000000000000e+05
1.187260000000000000e+05
1.187290000000000000e+05
1.187680000000000000e+05
1.187830000000000000e+05
1.269760000000000000e+05
1.269910000000000000e+05
1.270300000000000000e+05
1.270330000000000000e+05
1.278290000000000000e+05
1.278340000000000000e+05
1.278430000000000000e+05
1.278520000000000000e+05
1.304380000000000000e+05
1.304410000000000000e+05
1.304800000000000000e+05
1.304950000000000000e+05
1.307710000000000000e+05
1.307800000000000000e+05
1.307890000000000000e+05
1.307940000000000000e+05
1.352380000000000000e+05
1.352410000000000000e+05
1.352800000000000000e+05
1.352950000000000000e+05
1.359550000000000000e+05
1.359640000000000000e+05
1.359730000000000000e+05
1.359780000000000000e+05
1.386880000000000000e+05
1.387030000000000000e+05
1.387420000000000000e+05
1.387450000000000000e+05
1.389010000000000000e+05
1.389060000000000000e+05
1.389150000000000000e+05
1.389240000000000000e+05
1.396030000000000000e+05
1.396120000000000000e+05
1.396210000000000000e+05
1.396260000000000000e+05
1.397820000000000000e+05
1.397850000000000000e+05
1.398240000000000000e+05
1.398390000000000000e+05
1.425490000000000000e+05
1.425540000000000000e+05
1.425630000000000000e+05
1.425720000000000000e+05
1.432320000000000000e+05
1.432470000000000000e+05
1.432860000000000000e+05
1.432890000000000000e+05
1.855420000000000000e+05
1.855450000000000000e+05
1.855840000000000000e+05
1.855990000000000000e+05
1.862590000000000000e+05
1.862680000000000000e+05
1.862770000000000000e+05
1.862820000000000000e+05
1.866880000000000000e+05
1.867030000000000000e+05
1.867420000000000000e+05
1.867450000000000000e+05
1.869010000000000000e+05
1.869060000000000000e+05
1.869150000000000000e+05
1.869240000000000000e+05
1.899070000000000000e+05
1.899160000000000000e+05
1.899250000000000000e+05
1.899300000000000000e+05
1.900860000000000000e+05
1.900890000000000000e+05
1.901280000000000000e+05
1.901430000000000000e+05
1.905490000000000000e+05
1.905540000000000000e+05
1.905630000000000000e+05
1.905720000000000000e+05
1.912320000000000000e+05
1.912470000000000000e+05
1.912860000000000000e+05
1.912890000000000000e+05
2.184320000000000000e+05
2.184470000000000000e+05
2.184860000000000000e+05
2.184890000000000000e+05
2.186450000000000000e+05
2.186500000000000000e+05
2.186590000000000000e+05
2.186680000000000000e+05
2.193340000000000000e+05
2.193370000000000000e+05
2.193760000000000000e+05
2.193910000000000000e+05
2.200510000000000000e+05
2.200600000000000000e+05
2.200690000000000000e+05
2.200740000000000000e+05
2.222930000000000000e+05
2.222980000000000000e+05
2.223070000000000000e+05
2.223160000000000000e+05
2.229760000000000000e+05
2.229910000000000000e+05
2.230300000000000000e+05
2.230330000000000000e+05
2.236990000000000000e+05
2.237080000000000000e+05
2.237170000000000000e+05
2.237220000000000000e+05
2.238780000000000000e+05
2.238810000000000000e+05
2.239200000000000000e+05
2.239350000000000000e+05
2.339200000000000000e+05
2.339350000000000000e+05
2.339740000000000000e+05
2.339770000000000000e+05
2.341330000000000000e+05
2.341380000000000000e+05
2.341470000000000000e+05
2.341560000000000000e+05
2.366140000000000000e+05
2.366170000000000000e+05
2.366560000000000000e+05
2.366710000000000000e+05
2.373310000000000000e+05
2.373400000000000000e+05
2.373490000000000000e+05
2.373540000000000000e+05
2.377810000000000000e+05
2.377860000000000000e+05
2.377950000000000000e+05
2.378040000000000000e+05
2.384640000000000000e+05
2.384790000000000000e+05
2.385180000000000000e+05
2.385210000000000000e+05
2.409790000000000000e+05
2.409880000000000000e+05
2.409970000000000000e+05
2.410020000000000000e+05
2.411580000000000000e+05
2.411610000000000000e+05
2.412000000000000000e+05
2.412150000000000000e+05
2.665790000000000000e+05
2.665880000000000000e+05
2.665970000000000000e+05
2.666020000000000000e+05
2.667580000000000000e+05
2.667610000000000000e+05
2.668000000000000000e+05
2.668150000000000000e+05
2.695250000000000000e+05
2.695300000000000000e+05
2.695390000000000000e+05
2.695480000000000000e+05
2.702080000000000000e+05
2.702230000000000000e+05
2.702620000000000000e+05
2.702650000000000000e+05
2.704060000000000000e+05
2.704090000000000000e+05
2.704480000000000000e+05
2.704630000000000000e+05
2.711230000000000000e+05
2.711320000000000000e+05
2.711410000000000000e+05
2.711460000000000000e+05
2.738560000000000000e+05
2.738710000000000000e+05
2.739100000000000000e+05
2.739130000000000000e+05
2.740690000000000000e+05
2.740740000000000000e+05
2.740830000000000000e+05
2.740920000000000000e+05
3.168830000000000000e+05
3.168920000000000000e+05
3.169010000000000000e+05
3.169060000000000000e+05
3.170620000000000000e+05
3.170650000000000000e+05
3.171040000000000000e+05
3.171190000000000000e+05
3.175250000000000000e+05
3.175300000000000000e+05
3.175390000000000000e+05
3.175480000000000000e+05
3.182080000000000000e+05
3.182230000000000000e+05
3.182620000000000000e+05
3.182650000000000000e+05
3.207100000000000000e+05
3.207130000000000000e+05
3.207520000000000000e+05
3.207670000000000000e+05
3.214270000000000000e+05
3.214360000000000000e+05
3.214450000000000000e+05
3.214500000000000000e+05
3.218560000000000000e+05
3.218710000000000000e+05
3.219100000000000000e+05
3.219130000000000000e+05
3.220690000000000000e+05
3.220740000000000000e+05
3.220830000000000000e+05
3.220920000000000000e+05
3.492690000000000000e+05
3.492740000000000000e+05
3.492830000000000000e+05
3.492920000000000000e+05
3.499520000000000000e+05
3.499670000000000000e+05
3.500060000000000000e+05
3.500090000000000000e+05
3.506750000000000000e+05
3.506840000000000000e+05
3.506930000000000000e+05
3.506980000000000000e+05
3.508540000000000000e+05
3.508570000000000000e+05
3.508960000000000000e+05
3.509110000000000000e+05
3.536000000000000000e+05
3.536150000000000000e+05
3.536540000000000000e+05
3.536570000000000000e+05
3.538130000000000000e+05
3.538180000000000000e+05
3.538270000000000000e+05
3.538360000000000000e+05
3.545020000000000000e+05
3.545050000000000000e+05
3.545440000000000000e+05
3.545590000000000000e+05
3.552190000000000000e+05
3.552280000000000000e+05
3.552370000000000000e+05
3.552420000000000000e+05
3.647570000000000000e+05
3.647620000000000000e+05
3.647710000000000000e+05
3.647800000000000000e+05
3.654400000000000000e+05
3.654550000000000000e+05
3.654940000000000000e+05
3.654970000000000000e+05
3.679550000000000000e+05
3.679640000000000000e+05
3.679730000000000000e+05
3.679780000000000000e+05
3.681340000000000000e+05
3.681370000000000000e+05
3.681760000000000000e+05
3.681910000000000000e+05
3.690880000000000000e+05
3.691030000000000000e+05
3.691420000000000000e+05
3.691450000000000000e+05
3.693010000000000000e+05
3.693060000000000000e+05
3.693150000000000000e+05
3.693240000000000000e+05
3.717820000000000000e+05
3.717850000000000000e+05
3.718240000000000000e+05
3.718390000000000000e+05
3.724990000000000000e+05
3.725080000000000000e+05
3.725170000000000000e+05
3.725220000000000000e+05
4.099900000000000000e+05
4.099930000000000000e+05
4.100320000000000000e+05
4.100470000000000000e+05
4.103230000000000000e+05
4.103320000000000000e+05
4.103410000000000000e+05
4.103460000000000000e+05
4.126720000000000000e+05
4.126870000000000000e+05
4.127260000000000000e+05
4.127290000000000000e+05
4.135250000000000000e+05
4.135300000000000000e+05
4.135390000000000000e+05
4.135480000000000000e+05
4.220350000000000000e+05
4.220440000000000000e+05
4.220530000000000000e+05
4.220580000000000000e+05
4.228540000000000000e+05
4.228570000000000000e+05
4.228960000000000000e+05
4.229110000000000000e+05
4.252370000000000000e+05
4.252420000000000000e+05
4.252510000000000000e+05
4.252600000000000000e+05
4.255360000000000000e+05
4.255510000000000000e+05
4.255900000000000000e+05
4.255930000000000000e+05
4.272700000000000000e+05
4.272730000000000000e+05
4.273120000000000000e+05
4.273270000000000000e+05
4.276030000000000000e+05
4.276120000000000000e+05
4.276210000000000000e+05
4.276260000000000000e+05
4.281600000000000000e+05
4.281750000000000000e+05
4.282140000000000000e+05
4.282170000000000000e+05
4.290130000000000000e+05
4.290180000000000000e+05
4.290270000000000000e+05
4.290360000000000000e+05
4.393150000000000000e+05
4.393240000000000000e+05
4.393330000000000000e+05
4.393380000000000000e+05
4.401340000000000000e+05
4.401370000000000000e+05
4.401760000000000000e+05
4.401910000000000000e+05
4.407250000000000000e+05
4.407300000000000000e+05
4.407390000000000000e+05
4.407480000000000000e+05
4.410240000000000000e+05
4.410390000000000000e+05
4.410780000000000000e+05
4.410810000000000000e+05
4.599040000000000000e+05
4.599190000000000000e+05
4.599580000000000000e+05
4.599610000000000000e+05
4.607570000000000000e+05
4.607620000000000000e+05
4.607710000000000000e+05
4.607800000000000000e+05
4.610620000000000000e+05
4.610650000000000000e+05
4.611040000000000000e+05
4.611190000000000000e+05
4.613950000000000000e+05
4.614040000000000000e+05
4.614130000000000000e+05
4.614180000000000000e+05
4.724690000000000000e+05
4.724740000000000000e+05
4.724830000000000000e+05
4.724920000000000000e+05
4.727680000000000000e+05
4.727830000000000000e+05
4.728220000000000000e+05
4.728250000000000000e+05
4.731070000000000000e+05
4.731160000000000000e+05
4.731250000000000000e+05
4.731300000000000000e+05
4.739260000000000000e+05
4.739290000000000000e+05
4.739680000000000000e+05
4.739830000000000000e+05
5.079040000000000000e+05
5.079190000000000000e+05
5.079580000000000000e+05
5.079610000000000000e+05
5.087570000000000000e+05
5.087620000000000000e+05
5.087710000000000000e+05
5.087800000000000000e+05
5.113660000000000000e+05
5.113690000000000000e+05
5.114080000000000000e+05
5.114230000000000000e+05
5.116990000000000000e+05
5.117080000000000000e+05
5.117170000000000000e+05
5.117220000000000000e+05
5.204690000000000000e+05
5.204740000000000000e+05
5.204830000000000000e+05
5.204920000000000000e+05
5.207680000000000000e+05
5.207830000000000000e+05
5.208220000000000000e+05
5.208250000000000000e+05
5.234110000000000000e+05
5.234200000000000000e+05
5.234290000000000000e+05
5.234340000000000000e+05
5.242300000000000000e+05
5.242330000000000000e+05
5.242720000000000000e+05
5.242870000000000000e+05
