0.000000000000000000e+00
1.500000000000000000e+01
5.400000000000000000e+01
5.700000000000000000e+01
8.530000000000000000e+02
8.580000000000000000e+02
8.670000000000000000e+02
8.760000000000000000e+02
3.462000000000000000e+03
3.465000000000000000e+03
3.504000000000000000e+03
3.519000000000000000e+03
3.795000000000000000e+03
3.804000000000000000e+03
3.813000000000000000e+03
3.818000000000000000e+03
1.256500000000000000e+04
1.257000000000000000e+04
1.257900000000000000e+04
1.258800000000000000e+04
1.286400000000000000e+04
1.287900000000000000e+04
1.291800000000000000e+04
1.292100000000000000e+04
1.550700000000000000e+04
1.551600000000000000e+04
1.552500000000000000e+04
1.553000000000000000e+04
1.632600000000000000e+04
1.632900000000000000e+04
1.636800000000000000e+04
1.638300000000000000e+04
5.030400000000000000e+04
5.031900000000000000e+04
5.035800000000000000e+04
5.036100000000000000e+04
5.115700000000000000e+04
5.116200000000000000e+04
5.117100000000000000e+04
5.118000000000000000e+04
5.146200000000000000e+04
5.146500000000000000e+04
5.150400000000000000e+04
5.151900000000000000e+04
5.179500000000000000e+04
5.180400000000000000e+04
5.181300000000000000e+04
5.181800000000000000e+04
6.286900000000000000e+04
6.287400000000000000e+04
6.288300000000000000e+04
6.289200000000000000e+04
6.316800000000000000e+04
6.318300000000000000e+04
6.322200000000000000e+04
6.322500000000000000e+04
6.350700000000000000e+04
6.351600000000000000e+04
6.352500000000000000e+04
6.353000000000000000e+04
6.432600000000000000e+04
6.432900000000000000e+04
6.436800000000000000e+04
6.438300000000000000e+04
8.320600000000000000e+04
8.320900000000000000e+04
8.324800000000000000e+04
8.326300000000000000e+04
8.353900000000000000e+04
8.354800000000000000e+04
8.355700000000000000e+04
8.356200000000000000e+04
8.409600000000000000e+04
8.411100000000000000e+04
8.415000000000000000e+04
8.415300000000000000e+04
8.494900000000000000e+04
8.495400000000000000e+04
8.496300000000000000e+04
8.497200000000000000e+04
9.525100000000000000e+04
9.526000000000000000e+04
9.526900000000000000e+04
9.527400000000000000e+04
9.607000000000000000e+04
9.607300000000000000e+04
9.611200000000000000e+04
9.612700000000000000e+04
9.666100000000000000e+04
9.666600000000000000e+04
9.667500000000000000e+04
9.668400000000000000e+04
9.696000000000000000e+04
9.697500000000000000e+04
9.701400000000000000e+04
9.701700000000000000e+04
9.869400000000000000e+04
9.869700000000000000e+04
9.873600000000000000e+04
9.875100000000000000e+04
9.902700000000000000e+04
9.903600000000000000e+04
9.904500000000000000e+04
9.905000000000000000e+04
1.013760000000000000e+05
1.013910000000000000e+05
1.014300000000000000e+05
1.014330000000000000e+05
1.022290000000000000e+05
1.022340000000000000e+05
1.022430000000000000e+05
1.022520000000000000e+05
1.107390000000000000e+05
1.107480000000000000e+05
1.107570000000000000e+05
1.107620000000000000e+05
1.115580000000000000e+05
1.115610000000000000e+05
1.116000000000000000e+05
1.116150000000000000e+05
1.139410000000000000e+05
1.139460000000000000e+05
1.139550000000000000e+05
1.139640000000000000e+05
1.142400000000000000e+05
1.142550000000000000e+05
1.142940000000000000e+05
1.142970000000000000e+05
1.517650000000000000e+05
1.517700000000000000e+05
1.517790000000000000e+05
1.517880000000000000e+05
1.524480000000000000e+05
1.524630000000000000e+05
1.525020000000000000e+05
1.525050000000000000e+05
1.549630000000000000e+05
1.549720000000000000e+05
1.549810000000000000e+05
1.549860000000000000e+05
1.551420000000000000e+05
1.551450000000000000e+05
1.551840000000000000e+05
1.551990000000000000e+05
1.560960000000000000e+05
1.561110000000000000e+05
1.561500000000000000e+05
1.561530000000000000e+05
1.563090000000000000e+05
1.563140000000000000e+05
1.563230000000000000e+05
1.563320000000000000e+05
1.587900000000000000e+05
1.587930000000000000e+05
1.588320000000000000e+05
1.588470000000000000e+05
1.595070000000000000e+05
1.595160000000000000e+05
1.595250000000000000e+05
1.595300000000000000e+05
1.690450000000000000e+05
1.690500000000000000e+05
1.690590000000000000e+05
1.690680000000000000e+05
1.697280000000000000e+05
1.697430000000000000e+05
1.697820000000000000e+05
1.697850000000000000e+05
1.704510000000000000e+05
1.704600000000000000e+05
1.704690000000000000e+05
1.704740000000000000e+05
1.706300000000000000e+05
1.706330000000000000e+05
1.706720000000000000e+05
1.706870000000000000e+05
1.733760000000000000e+05
1.733910000000000000e+05
1.734300000000000000e+05
1.734330000000000000e+05
1.735890000000000000e+05
1.735940000000000000e+05
1.736030000000000000e+05
1.736120000000000000e+05
1.742780000000000000e+05
1.742810000000000000e+05
1.743200000000000000e+05
1.743350000000000000e+05
1.749950000000000000e+05
1.750040000000000000e+05
1.750130000000000000e+05
1.750180000000000000e+05
2.021950000000000000e+05
2.022040000000000000e+05
2.022130000000000000e+05
2.022180000000000000e+05
2.023740000000000000e+05
2.023770000000000000e+05
2.024160000000000000e+05
2.024310000000000000e+05
2.028370000000000000e+05
2.028420000000000000e+05
2.028510000000000000e+05
2.028600000000000000e+05
2.035200000000000000e+05
2.035350000000000000e+05
2.035740000000000000e+05
2.035770000000000000e+05
2.060220000000000000e+05
2.060250000000000000e+05
2.060640000000000000e+05
2.060790000000000000e+05
2.067390000000000000e+05
2.067480000000000000e+05
2.067570000000000000e+05
2.067620000000000000e+05
2.071680000000000000e+05
2.071830000000000000e+05
2.072220000000000000e+05
2.072250000000000000e+05
2.073810000000000000e+05
2.073860000000000000e+05
2.073950000000000000e+05
2.074040000000000000e+05
2.501950000000000000e+05
2.502040000000000000e+05
2.502130000000000000e+05
2.502180000000000000e+05
2.503740000000000000e+05
2.503770000000000000e+05
2.504160000000000000e+05
2.504310000000000000e+05
2.531410000000000000e+05
2.531460000000000000e+05
2.531550000000000000e+05
2.531640000000000000e+05
2.538240000000000000e+05
2.538390000000000000e+05
2.538780000000000000e+05
2.538810000000000000e+05
2.540220000000000000e+05
2.540250000000000000e+05
2.540640000000000000e+05
2.540790000000000000e+05
2.547390000000000000e+05
2.547480000000000000e+05
2.547570000000000000e+05
2.547620000000000000e+05
2.574720000000000000e+05
2.574870000000000000e+05
2.575260000000000000e+05
2.575290000000000000e+05
2.576850000000000000e+05
2.576900000000000000e+05
2.576990000000000000e+05
2.577080000000000000e+05
2.830720000000000000e+05
2.830870000000000000e+05
2.831260000000000000e+05
2.831290000000000000e+05
2.832850000000000000e+05
2.832900000000000000e+05
2.832990000000000000e+05
2.833080000000000000e+05
2.857660000000000000e+05
2.857690000000000000e+05
2.858080000000000000e+05
2.858230000000000000e+05
2.864830000000000000e+05
2.864920000000000000e+05
2.865010000000000000e+05
2.865060000000000000e+05
2.869330000000000000e+05
2.869380000000000000e+05
2.869470000000000000e+05
2.869560000000000000e+05
2.876160000000000000e+05
2.876310000000000000e+05
2.876700000000000000e+05
2.876730000000000000e+05
2.901310000000000000e+05
2.901400000000000000e+05
2.901490000000000000e+05
2.901540000000000000e+05
2.903100000000000000e+05
2.903130000000000000e+05
2.903520000000000000e+05
2.903670000000000000e+05
3.003520000000000000e+05
3.003670000000000000e+05
3.004060000000000000e+05
3.004090000000000000e+05
3.005650000000000000e+05
3.005700000000000000e+05
3.005790000000000000e+05
3.005880000000000000e+05
3.012540000000000000e+05
3.012570000000000000e+05
3.012960000000000000e+05
3.013110000000000000e+05
3.019710000000000000e+05
3.019800000000000000e+05
3.019890000000000000e+05
3.019940000000000000e+05
3.042130000000000000e+05
3.042180000000000000e+05
3.042270000000000000e+05
3.042360000000000000e+05
3.048960000000000000e+05
3.049110000000000000e+05
3.049500000000000000e+05
3.049530000000000000e+05
3.056190000000000000e+05
3.056280000000000000e+05
3.056370000000000000e+05
3.056420000000000000e+05
3.057980000000000000e+05
3.058010000000000000e+05
3.058400000000000000e+05
3.058550000000000000e+05
3.329980000000000000e+05
3.330010000000000000e+05
3.330400000000000000e+05
3.330550000000000000e+05
3.337150000000000000e+05
3.337240000000000000e+05
3.337330000000000000e+05
3.337380000000000000e+05
3.341440000000000000e+05
3.341590000000000000e+05
3.341980000000000000e+05
3.342010000000000000e+05
3.343570000000000000e+05
3.343620000000000000e+05
3.343710000000000000e+05
3.343800000000000000e+05
3.373630000000000000e+05
3.373720000000000000e+05
3.373810000000000000e+05
3.373860000000000000e+05
3.375420000000000000e+05
3.375450000000000000e+05
3.375840000000000000e+05
3.375990000000000000e+05
3.380050000000000000e+05
3.380100000000000000e+05
3.380190000000000000e+05
3.380280000000000000e+05
3.386880000000000000e+05
3.387030000000000000e+05
3.387420000000000000e+05
3.387450000000000000e+05
3.809980000000000000e+05
3.810010000000000000e+05
3.810400000000000000e+05
3.810550000000000000e+05
3.817150000000000000e+05
3.817240000000000000e+05
3.817330000000000000e+05
3.817380000000000000e+05
3.844480000000000000e+05
3.844630000000000000e+05
3.845020000000000000e+05
3.845050000000000000e+05
3.846610000000000000e+05
3.846660000000000000e+05
3.846750000000000000e+05
3.846840000000000000e+05
3.853630000000000000e+05
3.853720000000000000e+05
3.853810000000000000e+05
3.853860000000000000e+05
3.855420000000000000e+05
3.855450000000000000e+05
3.855840000000000000e+05
3.855990000000000000e+05
3.883090000000000000e+05
3.883140000000000000e+05
3.883230000000000000e+05
3.883320000000000000e+05
3.889920000000000000e+05
3.890070000000000000e+05
3.890460000000000000e+05
3.890490000000000000e+05
3.934930000000000000e+05
3.934980000000000000e+05
3.935070000000000000e+05
3.935160000000000000e+05
3.937920000000000000e+05
3.938070000000000000e+05
3.938460000000000000e+05
3.938490000000000000e+05
3.964350000000000000e+05
3.964440000000000000e+05
3.964530000000000000e+05
3.964580000000000000e+05
3.972540000000000000e+05
3.972570000000000000e+05
3.972960000000000000e+05
3.973110000000000000e+05
4.055040000000000000e+05
4.055190000000000000e+05
4.055580000000000000e+05
4.055610000000000000e+05
4.063570000000000000e+05
4.063620000000000000e+05
4.063710000000000000e+05
4.063800000000000000e+05
4.089660000000000000e+05
4.089690000000000000e+05
4.090080000000000000e+05
4.090230000000000000e+05
4.092990000000000000e+05
4.093080000000000000e+05
4.093170000000000000e+05
4.093220000000000000e+05
4.437970000000000000e+05
4.438020000000000000e+05
4.438110000000000000e+05
4.438200000000000000e+05
4.440960000000000000e+05
4.441110000000000000e+05
4.441500000000000000e+05
4.441530000000000000e+05
4.444350000000000000e+05
4.444440000000000000e+05
4.444530000000000000e+05
4.444580000000000000e+05
4.452540000000000000e+05
4.452570000000000000e+05
4.452960000000000000e+05
4.453110000000000000e+05
4.558080000000000000e+05
4.558230000000000000e+05
4.558620000000000000e+05
4.558650000000000000e+05
4.566610000000000000e+05
4.566660000000000000e+05
4.566750000000000000e+05
4.566840000000000000e+05
4.569660000000000000e+05
4.569690000000000000e+05
4.570080000000000000e+05
4.570230000000000000e+05
4.572990000000000000e+05
4.573080000000000000e+05
4.573170000000000000e+05
4.573220000000000000e+05
4.761790000000000000e+05
4.761880000000000000e+05
4.761970000000000000e+05
4.762020000000000000e+05
4.769980000000000000e+05
4.770010000000000000e+05
4.770400000000000000e+05
4.770550000000000000e+05
4.775890000000000000e+05
4.775940000000000000e+05
4.776030000000000000e+05
4.776120000000000000e+05
4.778880000000000000e+05
4.779030000000000000e+05
4.779420000000000000e+05
4.779450000000000000e+05
4.887100000000000000e+05
4.887130000000000000e+05
4.887520000000000000e+05
4.887670000000000000e+05
4.890430000000000000e+05
4.890520000000000000e+05
4.890610000000000000e+05
4.890660000000000000e+05
4.896000000000000000e+05
4.896150000000000000e+05
4.896540000000000000e+05
4.896570000000000000e+05
4.904530000000000000e+05
4.904580000000000000e+05
4.904670000000000000e+05
4.904760000000000000e+05
4.916670000000000000e+05
4.916760000000000000e+05
4.916850000000000000e+05
4.916900000000000000e+05
4.924860000000000000e+05
4.924890000000000000e+05
4.925280000000000000e+05
4.925430000000000000e+05
4.948690000000000000e+05
4.948740000000000000e+05
4.948830000000000000e+05
4.948920000000000000e+05
4.951680000000000000e+05
4.951830000000000000e+05
4.952220000000000000e+05
4.952250000000000000e+05
5.041980000000000000e+05
5.042010000000000000e+05
5.042400000000000000e+05
5.042550000000000000e+05
5.045310000000000000e+05
5.045400000000000000e+05
5.045490000000000000e+05
5.045540000000000000e+05
5.068800000000000000e+05
5.068950000000000000e+05
5.069340000000000000e+05
5.069370000000000000e+05
5.077330000000000000e+05
5.077380000000000000e+05
5.077470000000000000e+05
5.077560000000000000e+05
