3.100000000000000000e+01
1.240000000000000000e+02
4.030000000000000000e+02
4.960000000000000000e+02
1.722000000000000000e+03
1.753000000000000000e+03
1.846000000000000000e+03
1.877000000000000000e+03
2.187000000000000000e+03
2.280000000000000000e+03
2.311000000000000000e+03
2.404000000000000000e+03
3.630000000000000000e+03
3.661000000000000000e+03
4.002000000000000000e+03
4.033000000000000000e+03
4.636000000000000000e+03
4.735000000000000000e+03
5.008000000000000000e+03
5.107000000000000000e+03
5.305000000000000000e+03
5.338000000000000000e+03
5.429000000000000000e+03
5.462000000000000000e+03
6.792000000000000000e+03
6.891000000000000000e+03
6.916000000000000000e+03
7.015000000000000000e+03
7.213000000000000000e+03
7.246000000000000000e+03
7.585000000000000000e+03
7.618000000000000000e+03
2.512200000000000000e+04
2.515300000000000000e+04
2.551800000000000000e+04
2.554900000000000000e+04
2.573500000000000000e+04
2.582800000000000000e+04
2.586700000000000000e+04
2.596000000000000000e+04
2.731800000000000000e+04
2.734900000000000000e+04
2.745000000000000000e+04
2.748100000000000000e+04
2.766700000000000000e+04
2.776000000000000000e+04
2.806300000000000000e+04
2.815600000000000000e+04
2.870500000000000000e+04
2.873800000000000000e+04
2.910100000000000000e+04
2.913400000000000000e+04
3.034000000000000000e+04
3.043900000000000000e+04
3.047200000000000000e+04
3.057100000000000000e+04
3.090100000000000000e+04
3.093400000000000000e+04
3.103300000000000000e+04
3.106600000000000000e+04
3.227200000000000000e+04
3.237100000000000000e+04
3.266800000000000000e+04
3.276700000000000000e+04
1.071930000000000000e+05
1.072260000000000000e+05
1.073170000000000000e+05
1.073500000000000000e+05
1.075480000000000000e+05
1.076470000000000000e+05
1.079200000000000000e+05
1.080190000000000000e+05
1.091010000000000000e+05
1.091340000000000000e+05
1.094730000000000000e+05
1.095060000000000000e+05
1.097040000000000000e+05
1.098030000000000000e+05
1.098280000000000000e+05
1.099270000000000000e+05
1.107780000000000000e+05
1.108090000000000000e+05
1.109020000000000000e+05
1.109330000000000000e+05
1.121590000000000000e+05
1.122520000000000000e+05
1.125310000000000000e+05
1.126240000000000000e+05
1.126860000000000000e+05
1.127170000000000000e+05
1.130580000000000000e+05
1.130890000000000000e+05
1.143150000000000000e+05
1.144080000000000000e+05
1.144390000000000000e+05
1.145320000000000000e+05
1.148200000000000000e+05
1.149190000000000000e+05
1.149520000000000000e+05
1.150510000000000000e+05
1.162570000000000000e+05
1.162900000000000000e+05
1.166530000000000000e+05
1.166860000000000000e+05
1.167520000000000000e+05
1.168510000000000000e+05
1.171480000000000000e+05
1.172470000000000000e+05
1.184530000000000000e+05
1.184860000000000000e+05
1.185850000000000000e+05
1.186180000000000000e+05
1.194310000000000000e+05
1.195240000000000000e+05
1.195630000000000000e+05
1.196560000000000000e+05
1.198420000000000000e+05
1.198730000000000000e+05
1.202380000000000000e+05
1.202690000000000000e+05
1.213630000000000000e+05
1.214560000000000000e+05
1.217590000000000000e+05
1.218520000000000000e+05
1.220380000000000000e+05
1.220690000000000000e+05
1.221700000000000000e+05
1.222010000000000000e+05
1.721640000000000000e+05
1.722630000000000000e+05
1.722960000000000000e+05
1.723950000000000000e+05
1.736010000000000000e+05
1.736340000000000000e+05
1.739970000000000000e+05
1.740300000000000000e+05
1.740960000000000000e+05
1.741950000000000000e+05
1.744920000000000000e+05
1.745910000000000000e+05
1.757970000000000000e+05
1.758300000000000000e+05
1.759290000000000000e+05
1.759620000000000000e+05
1.767750000000000000e+05
1.768680000000000000e+05
1.769070000000000000e+05
1.770000000000000000e+05
1.771860000000000000e+05
1.772170000000000000e+05
1.775820000000000000e+05
1.776130000000000000e+05
1.787070000000000000e+05
1.788000000000000000e+05
1.791030000000000000e+05
1.791960000000000000e+05
1.793820000000000000e+05
1.794130000000000000e+05
1.795140000000000000e+05
1.795450000000000000e+05
1.809210000000000000e+05
1.809540000000000000e+05
1.810450000000000000e+05
1.810780000000000000e+05
1.812760000000000000e+05
1.813750000000000000e+05
1.816480000000000000e+05
1.817470000000000000e+05
1.828290000000000000e+05
1.828620000000000000e+05
1.832010000000000000e+05
1.832340000000000000e+05
1.834320000000000000e+05
1.835310000000000000e+05
1.835560000000000000e+05
1.836550000000000000e+05
1.845060000000000000e+05
1.845370000000000000e+05
1.846300000000000000e+05
1.846610000000000000e+05
1.858870000000000000e+05
1.859800000000000000e+05
1.862590000000000000e+05
1.863520000000000000e+05
1.864140000000000000e+05
1.864450000000000000e+05
1.867860000000000000e+05
1.868170000000000000e+05
1.880430000000000000e+05
1.881360000000000000e+05
1.881670000000000000e+05
1.882600000000000000e+05
1.971540000000000000e+05
1.971850000000000000e+05
1.975500000000000000e+05
1.975810000000000000e+05
1.977670000000000000e+05
1.978600000000000000e+05
1.978990000000000000e+05
1.979920000000000000e+05
1.993500000000000000e+05
1.993810000000000000e+05
1.994820000000000000e+05
1.995130000000000000e+05
1.996990000000000000e+05
1.997920000000000000e+05
2.000950000000000000e+05
2.001880000000000000e+05
2.007370000000000000e+05
2.007700000000000000e+05
2.011330000000000000e+05
2.011660000000000000e+05
2.023720000000000000e+05
2.024710000000000000e+05
2.025040000000000000e+05
2.026030000000000000e+05
2.029330000000000000e+05
2.029660000000000000e+05
2.030650000000000000e+05
2.030980000000000000e+05
2.043040000000000000e+05
2.044030000000000000e+05
2.047000000000000000e+05
2.047990000000000000e+05
2.212150000000000000e+05
2.213080000000000000e+05
2.215870000000000000e+05
2.216800000000000000e+05
2.229060000000000000e+05
2.229370000000000000e+05
2.230300000000000000e+05
2.230610000000000000e+05
2.233710000000000000e+05
2.234640000000000000e+05
2.234950000000000000e+05
2.235880000000000000e+05
2.248140000000000000e+05
2.248450000000000000e+05
2.251860000000000000e+05
2.252170000000000000e+05
2.258200000000000000e+05
2.259190000000000000e+05
2.261920000000000000e+05
2.262910000000000000e+05
2.264890000000000000e+05
2.265220000000000000e+05
2.266130000000000000e+05
2.266460000000000000e+05
2.279760000000000000e+05
2.280750000000000000e+05
2.281000000000000000e+05
2.281990000000000000e+05
2.283970000000000000e+05
2.284300000000000000e+05
2.287690000000000000e+05
2.288020000000000000e+05
2.954580000000000000e+05
2.954890000000000000e+05
2.958540000000000000e+05
2.958850000000000000e+05
2.960710000000000000e+05
2.961640000000000000e+05
2.962030000000000000e+05
2.962960000000000000e+05
2.976540000000000000e+05
2.976850000000000000e+05
2.977860000000000000e+05
2.978170000000000000e+05
2.980030000000000000e+05
2.980960000000000000e+05
2.983990000000000000e+05
2.984920000000000000e+05
2.990410000000000000e+05
2.990740000000000000e+05
2.994370000000000000e+05
2.994700000000000000e+05
3.006760000000000000e+05
3.007750000000000000e+05
3.008080000000000000e+05
3.009070000000000000e+05
3.012370000000000000e+05
3.012700000000000000e+05
3.013690000000000000e+05
3.014020000000000000e+05
3.026080000000000000e+05
3.027070000000000000e+05
3.030040000000000000e+05
3.031030000000000000e+05
3.195190000000000000e+05
3.196120000000000000e+05
3.198910000000000000e+05
3.199840000000000000e+05
3.212100000000000000e+05
3.212410000000000000e+05
3.213340000000000000e+05
3.213650000000000000e+05
3.216750000000000000e+05
3.217680000000000000e+05
3.217990000000000000e+05
3.218920000000000000e+05
3.231180000000000000e+05
3.231490000000000000e+05
3.234900000000000000e+05
3.235210000000000000e+05
3.241240000000000000e+05
3.242230000000000000e+05
3.244960000000000000e+05
3.245950000000000000e+05
3.247930000000000000e+05
3.248260000000000000e+05
3.249170000000000000e+05
3.249500000000000000e+05
3.262800000000000000e+05
3.263790000000000000e+05
3.264040000000000000e+05
3.265030000000000000e+05
3.267010000000000000e+05
3.267340000000000000e+05
3.270730000000000000e+05
3.271060000000000000e+05
3.360040000000000000e+05
3.361030000000000000e+05
3.361360000000000000e+05
3.362350000000000000e+05
3.374410000000000000e+05
3.374740000000000000e+05
3.378370000000000000e+05
3.378700000000000000e+05
3.379360000000000000e+05
3.380350000000000000e+05
3.383320000000000000e+05
3.384310000000000000e+05
3.396370000000000000e+05
3.396700000000000000e+05
3.397690000000000000e+05
3.398020000000000000e+05
3.406150000000000000e+05
3.407080000000000000e+05
3.407470000000000000e+05
3.408400000000000000e+05
3.410260000000000000e+05
3.410570000000000000e+05
3.414220000000000000e+05
3.414530000000000000e+05
3.425470000000000000e+05
3.426400000000000000e+05
3.429430000000000000e+05
3.430360000000000000e+05
3.432220000000000000e+05
3.432530000000000000e+05
3.433540000000000000e+05
3.433850000000000000e+05
3.447610000000000000e+05
3.447940000000000000e+05
3.448850000000000000e+05
3.449180000000000000e+05
3.451160000000000000e+05
3.452150000000000000e+05
3.454880000000000000e+05
3.455870000000000000e+05
3.466690000000000000e+05
3.467020000000000000e+05
3.470410000000000000e+05
3.470740000000000000e+05
3.472720000000000000e+05
3.473710000000000000e+05
3.473960000000000000e+05
3.474950000000000000e+05
3.483460000000000000e+05
3.483770000000000000e+05
3.484700000000000000e+05
3.485010000000000000e+05
3.497270000000000000e+05
3.498200000000000000e+05
3.500990000000000000e+05
3.501920000000000000e+05
3.502540000000000000e+05
3.502850000000000000e+05
3.506260000000000000e+05
3.506570000000000000e+05
3.518830000000000000e+05
3.519760000000000000e+05
3.520070000000000000e+05
3.521000000000000000e+05
4.021050000000000000e+05
4.021380000000000000e+05
4.022290000000000000e+05
4.022620000000000000e+05
4.024600000000000000e+05
4.025590000000000000e+05
4.028320000000000000e+05
4.029310000000000000e+05
4.040130000000000000e+05
4.040460000000000000e+05
4.043850000000000000e+05
4.044180000000000000e+05
4.046160000000000000e+05
4.047150000000000000e+05
4.047400000000000000e+05
4.048390000000000000e+05
4.056900000000000000e+05
4.057210000000000000e+05
4.058140000000000000e+05
4.058450000000000000e+05
4.070710000000000000e+05
4.071640000000000000e+05
4.074430000000000000e+05
4.075360000000000000e+05
4.075980000000000000e+05
4.076290000000000000e+05
4.079700000000000000e+05
4.080010000000000000e+05
4.092270000000000000e+05
4.093200000000000000e+05
4.093510000000000000e+05
4.094440000000000000e+05
4.097320000000000000e+05
4.098310000000000000e+05
4.098640000000000000e+05
4.099630000000000000e+05
4.111690000000000000e+05
4.112020000000000000e+05
4.115650000000000000e+05
4.115980000000000000e+05
4.116640000000000000e+05
4.117630000000000000e+05
4.120600000000000000e+05
4.121590000000000000e+05
4.133650000000000000e+05
4.133980000000000000e+05
4.134970000000000000e+05
4.135300000000000000e+05
4.143430000000000000e+05
4.144360000000000000e+05
4.144750000000000000e+05
4.145680000000000000e+05
4.147540000000000000e+05
4.147850000000000000e+05
4.151500000000000000e+05
4.151810000000000000e+05
4.162750000000000000e+05
4.163680000000000000e+05
4.166710000000000000e+05
4.167640000000000000e+05
4.169500000000000000e+05
4.169810000000000000e+05
4.170820000000000000e+05
4.171130000000000000e+05
4.915510000000000000e+05
4.916440000000000000e+05
4.919230000000000000e+05
4.920160000000000000e+05
4.932420000000000000e+05
4.932730000000000000e+05
4.933660000000000000e+05
4.933970000000000000e+05
4.937070000000000000e+05
4.938000000000000000e+05
4.938310000000000000e+05
4.939240000000000000e+05
4.951500000000000000e+05
4.951810000000000000e+05
4.955220000000000000e+05
4.955530000000000000e+05
4.961560000000000000e+05
4.962550000000000000e+05
4.965280000000000000e+05
4.966270000000000000e+05
4.968250000000000000e+05
4.968580000000000000e+05
4.969490000000000000e+05
4.969820000000000000e+05
4.983120000000000000e+05
4.984110000000000000e+05
4.984360000000000000e+05
4.985350000000000000e+05
4.987330000000000000e+05
4.987660000000000000e+05
4.991050000000000000e+05
4.991380000000000000e+05
5.166420000000000000e+05
5.166730000000000000e+05
5.170380000000000000e+05
5.170690000000000000e+05
5.172550000000000000e+05
5.173480000000000000e+05
5.173870000000000000e+05
5.174800000000000000e+05
5.188380000000000000e+05
5.188690000000000000e+05
5.189700000000000000e+05
5.190010000000000000e+05
5.191870000000000000e+05
5.192800000000000000e+05
5.195830000000000000e+05
5.196760000000000000e+05
5.202250000000000000e+05
5.202580000000000000e+05
5.206210000000000000e+05
5.206540000000000000e+05
5.218600000000000000e+05
5.219590000000000000e+05
5.219920000000000000e+05
5.220910000000000000e+05
5.224210000000000000e+05
5.224540000000000000e+05
5.225530000000000000e+05
5.225860000000000000e+05
5.237920000000000000e+05
5.238910000000000000e+05
5.241880000000000000e+05
5.242870000000000000e+05
