0.000000000000000000e+00
9.900000000000000000e+01
3.960000000000000000e+02
4.950000000000000000e+02
1.701000000000000000e+03
1.734000000000000000e+03
1.833000000000000000e+03
1.866000000000000000e+03
2.196000000000000000e+03
2.295000000000000000e+03
2.328000000000000000e+03
2.427000000000000000e+03
3.633000000000000000e+03
3.666000000000000000e+03
4.029000000000000000e+03
4.062000000000000000e+03
4.611000000000000000e+03
4.704000000000000000e+03
5.007000000000000000e+03
5.100000000000000000e+03
5.286000000000000000e+03
5.317000000000000000e+03
5.418000000000000000e+03
5.449000000000000000e+03
6.807000000000000000e+03
6.900000000000000000e+03
6.939000000000000000e+03
7.032000000000000000e+03
7.218000000000000000e+03
7.249000000000000000e+03
7.614000000000000000e+03
7.645000000000000000e+03
2.514900000000000000e+04
2.518200000000000000e+04
2.552100000000000000e+04
2.555400000000000000e+04
2.575200000000000000e+04
2.585100000000000000e+04
2.587600000000000000e+04
2.597500000000000000e+04
2.730500000000000000e+04
2.733800000000000000e+04
2.742900000000000000e+04
2.746200000000000000e+04
2.766000000000000000e+04
2.775900000000000000e+04
2.803200000000000000e+04
2.813100000000000000e+04
2.873400000000000000e+04
2.876500000000000000e+04
2.910600000000000000e+04
2.913700000000000000e+04
3.036300000000000000e+04
3.045600000000000000e+04
3.048700000000000000e+04
3.058000000000000000e+04
3.089000000000000000e+04
3.092100000000000000e+04
3.101400000000000000e+04
3.104500000000000000e+04
3.227100000000000000e+04
3.236400000000000000e+04
3.264300000000000000e+04
3.273600000000000000e+04
1.071740000000000000e+05
1.072050000000000000e+05
1.073060000000000000e+05
1.073370000000000000e+05
1.075230000000000000e+05
1.076160000000000000e+05
1.079190000000000000e+05
1.080120000000000000e+05
1.091060000000000000e+05
1.091370000000000000e+05
1.095020000000000000e+05
1.095330000000000000e+05
1.097190000000000000e+05
1.098120000000000000e+05
1.098510000000000000e+05
1.099440000000000000e+05
1.107570000000000000e+05
1.107900000000000000e+05
1.108890000000000000e+05
1.109220000000000000e+05
1.121280000000000000e+05
1.122270000000000000e+05
1.125240000000000000e+05
1.126230000000000000e+05
1.126890000000000000e+05
1.127220000000000000e+05
1.130850000000000000e+05
1.131180000000000000e+05
1.143240000000000000e+05
1.144230000000000000e+05
1.144560000000000000e+05
1.145550000000000000e+05
1.148430000000000000e+05
1.149360000000000000e+05
1.149670000000000000e+05
1.150600000000000000e+05
1.162860000000000000e+05
1.163170000000000000e+05
1.166580000000000000e+05
1.166890000000000000e+05
1.167510000000000000e+05
1.168440000000000000e+05
1.171230000000000000e+05
1.172160000000000000e+05
1.184420000000000000e+05
1.184730000000000000e+05
1.185660000000000000e+05
1.185970000000000000e+05
1.194480000000000000e+05
1.195470000000000000e+05
1.195720000000000000e+05
1.196710000000000000e+05
1.198690000000000000e+05
1.199020000000000000e+05
1.202410000000000000e+05
1.202740000000000000e+05
1.213560000000000000e+05
1.214550000000000000e+05
1.217280000000000000e+05
1.218270000000000000e+05
1.220250000000000000e+05
1.220580000000000000e+05
1.221490000000000000e+05
1.221820000000000000e+05
1.721870000000000000e+05
1.722800000000000000e+05
1.723110000000000000e+05
1.724040000000000000e+05
1.736300000000000000e+05
1.736610000000000000e+05
1.740020000000000000e+05
1.740330000000000000e+05
1.740950000000000000e+05
1.741880000000000000e+05
1.744670000000000000e+05
1.745600000000000000e+05
1.757860000000000000e+05
1.758170000000000000e+05
1.759100000000000000e+05
1.759410000000000000e+05
1.767920000000000000e+05
1.768910000000000000e+05
1.769160000000000000e+05
1.770150000000000000e+05
1.772130000000000000e+05
1.772460000000000000e+05
1.775850000000000000e+05
1.776180000000000000e+05
1.787000000000000000e+05
1.787990000000000000e+05
1.790720000000000000e+05
1.791710000000000000e+05
1.793690000000000000e+05
1.794020000000000000e+05
1.794930000000000000e+05
1.795260000000000000e+05
1.809020000000000000e+05
1.809330000000000000e+05
1.810340000000000000e+05
1.810650000000000000e+05
1.812510000000000000e+05
1.813440000000000000e+05
1.816470000000000000e+05
1.817400000000000000e+05
1.828340000000000000e+05
1.828650000000000000e+05
1.832300000000000000e+05
1.832610000000000000e+05
1.834470000000000000e+05
1.835400000000000000e+05
1.835790000000000000e+05
1.836720000000000000e+05
1.844850000000000000e+05
1.845180000000000000e+05
1.846170000000000000e+05
1.846500000000000000e+05
1.858560000000000000e+05
1.859550000000000000e+05
1.862520000000000000e+05
1.863510000000000000e+05
1.864170000000000000e+05
1.864500000000000000e+05
1.868130000000000000e+05
1.868460000000000000e+05
1.880520000000000000e+05
1.881510000000000000e+05
1.881840000000000000e+05
1.882830000000000000e+05
1.971810000000000000e+05
1.972140000000000000e+05
1.975530000000000000e+05
1.975860000000000000e+05
1.977840000000000000e+05
1.978830000000000000e+05
1.979080000000000000e+05
1.980070000000000000e+05
1.993370000000000000e+05
1.993700000000000000e+05
1.994610000000000000e+05
1.994940000000000000e+05
1.996920000000000000e+05
1.997910000000000000e+05
2.000640000000000000e+05
2.001630000000000000e+05
2.007660000000000000e+05
2.007970000000000000e+05
2.011380000000000000e+05
2.011690000000000000e+05
2.023950000000000000e+05
2.024880000000000000e+05
2.025190000000000000e+05
2.026120000000000000e+05
2.029220000000000000e+05
2.029530000000000000e+05
2.030460000000000000e+05
2.030770000000000000e+05
2.043030000000000000e+05
2.043960000000000000e+05
2.046750000000000000e+05
2.047680000000000000e+05
2.211840000000000000e+05
2.212830000000000000e+05
2.215800000000000000e+05
2.216790000000000000e+05
2.228850000000000000e+05
2.229180000000000000e+05
2.230170000000000000e+05
2.230500000000000000e+05
2.233800000000000000e+05
2.234790000000000000e+05
2.235120000000000000e+05
2.236110000000000000e+05
2.248170000000000000e+05
2.248500000000000000e+05
2.252130000000000000e+05
2.252460000000000000e+05
2.257950000000000000e+05
2.258880000000000000e+05
2.261910000000000000e+05
2.262840000000000000e+05
2.264700000000000000e+05
2.265010000000000000e+05
2.266020000000000000e+05
2.266330000000000000e+05
2.279910000000000000e+05
2.280840000000000000e+05
2.281230000000000000e+05
2.282160000000000000e+05
2.284020000000000000e+05
2.284330000000000000e+05
2.287980000000000000e+05
2.288290000000000000e+05
2.954850000000000000e+05
2.955180000000000000e+05
2.958570000000000000e+05
2.958900000000000000e+05
2.960880000000000000e+05
2.961870000000000000e+05
2.962120000000000000e+05
2.963110000000000000e+05
2.976410000000000000e+05
2.976740000000000000e+05
2.977650000000000000e+05
2.977980000000000000e+05
2.979960000000000000e+05
2.980950000000000000e+05
2.983680000000000000e+05
2.984670000000000000e+05
2.990700000000000000e+05
2.991010000000000000e+05
2.994420000000000000e+05
2.994730000000000000e+05
3.006990000000000000e+05
3.007920000000000000e+05
3.008230000000000000e+05
3.009160000000000000e+05
3.012260000000000000e+05
3.012570000000000000e+05
3.013500000000000000e+05
3.013810000000000000e+05
3.026070000000000000e+05
3.027000000000000000e+05
3.029790000000000000e+05
3.030720000000000000e+05
3.194880000000000000e+05
3.195870000000000000e+05
3.198840000000000000e+05
3.199830000000000000e+05
3.211890000000000000e+05
3.212220000000000000e+05
3.213210000000000000e+05
3.213540000000000000e+05
3.216840000000000000e+05
3.217830000000000000e+05
3.218160000000000000e+05
3.219150000000000000e+05
3.231210000000000000e+05
3.231540000000000000e+05
3.235170000000000000e+05
3.235500000000000000e+05
3.240990000000000000e+05
3.241920000000000000e+05
3.244950000000000000e+05
3.245880000000000000e+05
3.247740000000000000e+05
3.248050000000000000e+05
3.249060000000000000e+05
3.249370000000000000e+05
3.262950000000000000e+05
3.263880000000000000e+05
3.264270000000000000e+05
3.265200000000000000e+05
3.267060000000000000e+05
3.267370000000000000e+05
3.271020000000000000e+05
3.271330000000000000e+05
3.360270000000000000e+05
3.361200000000000000e+05
3.361510000000000000e+05
3.362440000000000000e+05
3.374700000000000000e+05
3.375010000000000000e+05
3.378420000000000000e+05
3.378730000000000000e+05
3.379350000000000000e+05
3.380280000000000000e+05
3.383070000000000000e+05
3.384000000000000000e+05
3.396260000000000000e+05
3.396570000000000000e+05
3.397500000000000000e+05
3.397810000000000000e+05
3.406320000000000000e+05
3.407310000000000000e+05
3.407560000000000000e+05
3.408550000000000000e+05
3.410530000000000000e+05
3.410860000000000000e+05
3.414250000000000000e+05
3.414580000000000000e+05
3.425400000000000000e+05
3.426390000000000000e+05
3.429120000000000000e+05
3.430110000000000000e+05
3.432090000000000000e+05
3.432420000000000000e+05
3.433330000000000000e+05
3.433660000000000000e+05
3.447420000000000000e+05
3.447730000000000000e+05
3.448740000000000000e+05
3.449050000000000000e+05
3.450910000000000000e+05
3.451840000000000000e+05
3.454870000000000000e+05
3.455800000000000000e+05
3.466740000000000000e+05
3.467050000000000000e+05
3.470700000000000000e+05
3.471010000000000000e+05
3.472870000000000000e+05
3.473800000000000000e+05
3.474190000000000000e+05
3.475120000000000000e+05
3.483250000000000000e+05
3.483580000000000000e+05
3.484570000000000000e+05
3.484900000000000000e+05
3.496960000000000000e+05
3.497950000000000000e+05
3.500920000000000000e+05
3.501910000000000000e+05
3.502570000000000000e+05
3.502900000000000000e+05
3.506530000000000000e+05
3.506860000000000000e+05
3.518920000000000000e+05
3.519910000000000000e+05
3.520240000000000000e+05
3.521230000000000000e+05
4.020860000000000000e+05
4.021170000000000000e+05
4.022180000000000000e+05
4.022490000000000000e+05
4.024350000000000000e+05
4.025280000000000000e+05
4.028310000000000000e+05
4.029240000000000000e+05
4.040180000000000000e+05
4.040490000000000000e+05
4.044140000000000000e+05
4.044450000000000000e+05
4.046310000000000000e+05
4.047240000000000000e+05
4.047630000000000000e+05
4.048560000000000000e+05
4.056690000000000000e+05
4.057020000000000000e+05
4.058010000000000000e+05
4.058340000000000000e+05
4.070400000000000000e+05
4.071390000000000000e+05
4.074360000000000000e+05
4.075350000000000000e+05
4.076010000000000000e+05
4.076340000000000000e+05
4.079970000000000000e+05
4.080300000000000000e+05
4.092360000000000000e+05
4.093350000000000000e+05
4.093680000000000000e+05
4.094670000000000000e+05
4.097550000000000000e+05
4.098480000000000000e+05
4.098790000000000000e+05
4.099720000000000000e+05
4.111980000000000000e+05
4.112290000000000000e+05
4.115700000000000000e+05
4.116010000000000000e+05
4.116630000000000000e+05
4.117560000000000000e+05
4.120350000000000000e+05
4.121280000000000000e+05
4.133540000000000000e+05
4.133850000000000000e+05
4.134780000000000000e+05
4.135090000000000000e+05
4.143600000000000000e+05
4.144590000000000000e+05
4.144840000000000000e+05
4.145830000000000000e+05
4.147810000000000000e+05
4.148140000000000000e+05
4.151530000000000000e+05
4.151860000000000000e+05
4.162680000000000000e+05
4.163670000000000000e+05
4.166400000000000000e+05
4.167390000000000000e+05
4.169370000000000000e+05
4.169700000000000000e+05
4.170610000000000000e+05
4.170940000000000000e+05
4.915200000000000000e+05
4.916190000000000000e+05
4.919160000000000000e+05
4.920150000000000000e+05
4.932210000000000000e+05
4.932540000000000000e+05
4.933530000000000000e+05
4.933860000000000000e+05
4.937160000000000000e+05
4.938150000000000000e+05
4.938480000000000000e+05
4.939470000000000000e+05
4.951530000000000000e+05
4.951860000000000000e+05
4.955490000000000000e+05
4.955820000000000000e+05
4.961310000000000000e+05
4.962240000000000000e+05
4.965270000000000000e+05
4.966200000000000000e+05
4.968060000000000000e+05
4.968370000000000000e+05
4.969380000000000000e+05
4.969690000000000000e+05
4.983270000000000000e+05
4.984200000000000000e+05
4.984590000000000000e+05
4.985520000000000000e+05
4.987380000000000000e+05
4.987690000000000000e+05
4.991340000000000000e+05
4.991650000000000000e+05
5.166690000000000000e+05
5.167020000000000000e+05
5.170410000000000000e+05
5.170740000000000000e+05
5.172720000000000000e+05
5.173710000000000000e+05
5.173960000000000000e+05
5.174950000000000000e+05
5.188250000000000000e+05
5.188580000000000000e+05
5.189490000000000000e+05
5.189820000000000000e+05
5.191800000000000000e+05
5.192790000000000000e+05
5.195520000000000000e+05
5.196510000000000000e+05
5.202540000000000000e+05
5.202850000000000000e+05
5.206260000000000000e+05
5.206570000000000000e+05
5.218830000000000000e+05
5.219760000000000000e+05
5.220070000000000000e+05
5.221000000000000000e+05
5.224100000000000000e+05
5.224410000000000000e+05
5.225340000000000000e+05
5.225650000000000000e+05
5.237910000000000000e+05
5.238840000000000000e+05
5.241630000000000000e+05
5.242560000000000000e+05
