221184
0
491520
319488
411663
116751
174095
337935
407601
186417
112689
350257
520254
28734
200766
299070
407634
350290
186450
112722
28765
200797
520285
299101
491619
319587
99
221283
338028
174188
411756
116844
223380
321684
493716
2196
172187
409755
336027
114843
405669
110757
184485
348325
30890
301226
202922
522410
110790
348358
405702
202953
522441
184518
30921
301257
321783
172280
336120
409848
2295
493815
223479
114936
114967
223512
2328
336151
172311
493848
409879
321816
203046
522534
31014
348457
405801
184617
110889
301350
31045
203077
301381
522565
184650
110922
405834
348490
172404
336244
409972
115060
321915
223611
2427
493947
174467
338307
117123
412035
319884
396
491916
221580
29106
520626
299442
201138
350653
113085
186813
407997
520657
29137
201169
299473
113118
186846
117216
412128
174560
338400
408030
350686
319983
221679
492015
495
4611
225795
324099
496131
416268
121356
178700
342540
109106
182834
346674
404018
295485
516669
197181
25149
346705
109137
182865
404049
516702
25182
225888
324192
4704
496224
295518
197214
342639
121455
178799
416367
227991
326295
176792
498327
6807
340632
119448
414360
107174
402086
344742
297641
518825
27305
180902
199337
344773
402117
107205
180933
199370
297674
518858
27338
228084
6900
326388
498420
119547
176891
414459
340731
176916
119572
340756
414484
6939
326427
228123
498459
199461
27429
518949
297765
402218
181034
344874
107306
297798
518982
199494
344905
107337
402249
181065
27462
119671
7032
498552
228216
340855
326520
414583
177015
416640
179072
342912
121728
496527
226191
5007
324495
25521
295857
517041
197553
404414
183230
109502
347070
25554
517074
197586
295890
183261
109533
404445
347101
416739
121827
179171
343011
496620
324588
226284
5100
345091
107523
181251
402435
519180
27660
297996
199692
7218
228402
498738
326706
414781
177213
341053
119869
7249
228433
498769
326737
177246
414814
345184
181344
341086
119902
402528
107616
298095
199791
27759
519279
404631
25752
296088
183447
347287
109719
517272
197784
226470
5286
496806
179369
122025
324774
343209
416937
5317
496837
324805
226501
122058
343242
416970
179402
404724
347380
109812
183540
25851
197883
517371
296187
25876
517396
296212
197908
109851
347419
404763
183579
417061
179493
343333
122149
324906
496938
226602
5418
343366
417094
179526
5449
226633
122182
496969
324937
517495
404856
109944
296311
347512
25975
198007
183672
200064
298368
519552
28032
107919
402831
345487
181647
415153
341425
177585
120241
327102
228798
7614
499134
415186
341458
177618
120274
7645
228829
327133
499165
200163
519651
298467
28131
108012
345580
181740
402924
185856
112128
407040
349696
523791
204303
32271
302607
3633
323121
224817
495153
337470
411198
116286
173630
495186
224850
323154
3666
411229
337501
116317
173661
112227
407139
185955
349795
302700
32364
523884
204396
188052
409236
351892
114324
202395
30363
300699
521883
222885
493221
321189
1701
175786
339626
118442
413354
493254
1734
222918
413385
118473
321222
339657
175817
188151
202488
30456
521976
300792
114423
351991
409335
300823
30487
202519
114456
188184
409368
352024
522007
175910
118566
339750
321321
223017
493353
1833
413478
118597
413509
175941
339781
493386
321354
223050
1866
30580
300916
202612
522100
114555
409467
352123
188283
32643
302979
204675
524163
112524
186252
350092
407436
411570
116658
174002
337842
4029
323517
225213
495549
174033
337873
116689
411601
225246
323550
495582
4062
32736
204768
524256
303072
186351
350191
112623
407535
